12345
12345
14253
14325
21435
13245
42315
12435
12345
13245
12354
12345
12345
12345
13245
13245
12345
21534
15432
13254
12345
51243
13425
12453
12345
:
13245
12345
12345
12345
21345
15423
12345
12345
13245
14325
12354
12345
12345
31245
13245
12354
12345
21435
12345
12435
12345
12345
12345
12354
12345
:
41325
12345
32415
12354
13542
12345
31254
23145
13245
21345
12345
12345
12354
12345
12354
13245
12345
23145
12345
12345
12345
12435
12345
32415
12345
:
12435
21345
21354
12354
12345
13254
12345
12345
12345
12345
12345
14325
12354
13245
12345
12453
12435
25314
31254
12354
14235
15234
12354
21345
12345
:
14325
12354
12345
12345
21345
12345
14325
12543
12354
12345
12345
23145
12345
21345
12345
32145
14532
21345
12435
12345
14523
21435
21435
12345
12534
:
14235
12345
15234
12435
21354
12435
21345
12345
13245
23145
12435
12453
31245
21345
21435
12345
12435
14235
13254
21354
12354
12345
21435
13245
12435
:
12345
12543
12354
12345
13452
12345
12345
12345
23145
12345
13245
14325
12354
42135
12435
12345
21345
13245
41235
12345
31245
13245
12543
12345
12345
:
23145
12435
13425
12354
14325
12435
21354
12345
12435
12345
12345
12345
21345
12534
12534
15342
12345
13245
12345
12345
12345
13245
12345
13245
42153
:
13245
12345
13245
14325
21435
13245
32415
12435
12345
14235
12354
12345
12345
12345
13245
13245
12345
21453
15342
12354
12345
31542
14235
12543
12345
:
14235
12354
12453
12435
21345
15234
12354
12345
13245
12435
12354
12345
12345
21345
13245
13245
12345
21435
12345
21435
13245
13245
12345
12354
12345
:
12345
12345
23415
12354
12453
12435
31254
12345
12345
12345
12354
13245
13254
12345
12345
12345
12354
23145
21345
12345
12345
12345
12345
23415
12435
:
12345
21345
21345
12345
12345
13254
12345
12345
12345
13245
12345
24315
12354
12345
12345
21453
12345
25413
21345
12354
13254
14325
12354
12345
12345
:
14325
12354
12345
12345
12345
12345
14235
12543
12354
12435
12354
32145
12345
21354
12345
32145
12543
21345
12435
12345
13524
12435
12435
21354
12543
:
14325
12345
15234
12345
12354
12435
21345
12345
13245
13245
12435
12453
31245
21435
21435
12345
12345
14235
13245
21435
12354
12354
21435
13245
12435
:
12345
12345
12345
12345
12345
12345
12345
12345
23145
12354
13245
14325
13254
41325
21435
12435
12345
23145
32145
12345
23145
13245
12543
12345
13245
:
31245
12345
12435
12354
34215
12345
21354
12345
12435
12345
21345
12345
32145
12534
21354
15342
13245
12345
12345
12435
12345
13245
12345
21345
23145
:
13245
12435
42153
14325
21435
12345
32415
12345
12345
14235
12345
12345
12345
12354
23145
13245
12345
21345
15342
14523
12345
41532
13425
12543
12345
:
14235
12354
21453
12435
21543
15324
12345
12345
12435
12345
12453
12345
12345
21345
13245
13245
12345
12435
12345
12435
12345
13245
12345
12354
12345
:
31245
12345
32415
12354
12354
12543
31245
13245
23145
21354
12354
12345
21354
12345
12345
12345
12345
13245
12345
12345
21435
21435
12345
31425
12435
:
12435
12345
21345
13542
13254
13524
12345
32451
14523
12345
12345
24315
12345
21345
12345
14352
12345
15423
23145
12345
12354
13245
12345
12345
21345
:
14325
12354
12345
12345
12345
21345
24135
21354
12345
14532
12354
32145
12354
21345
12354
31245
12435
21345
13425
12435
13524
12345
21534
12354
12543
:
13245
12345
15234
12345
12354
21435
31245
13254
12435
13245
12435
12453
32145
12345
12435
12345
12435
14235
12345
21543
12354
14532
21345
12345
12453
:
12435
12345
12345
12345
21354
12345
12345
12345
14235
12354
23145
12435
12354
41235
23145
12435
12345
21345
32145
12345
12345
13245
12543
12345
12345
:
31245
12345
12345
21354
14325
12345
31254
12435
12435
12345
12345
12345
32154
12354
32154
15324
12345
12345
12345
12534
12345
13245
12435
21345
24135
:
12345
12345
43152
12345
21435
12345
31425
12345
12345
12345
12354
12345
12345
12345
13245
32145
12345
21435
15432
13254
12345
12543
13425
12543
12345
:
14235
12354
12345
21345
21345
15324
12354
12345
13245
12435
12354
12345
13245
31245
13245
12345
12345
21435
12345
21435
12345
12345
13245
14325
12345
:
41325
13245
32415
12345
12534
12345
31254
23145
13245
21345
12345
13245
12354
21345
12345
21345
12345
23145
12345
12345
12435
12345
12345
42315
12435
:
12435
21345
21345
12534
13254
13254
12345
12345
13254
13245
12345
24315
12345
21345
12345
31452
12345
14523
31245
12354
13254
13254
12345
12345
12345
:
13425
12354
21345
12345
12345
21345
14235
13542
12345
14235
12354
23145
12345
21345
12435
32145
14532
21345
12435
12345
12534
21435
21435
12345
23541
:
14235
14235
15234
12435
12345
12345
31245
12345
13425
24135
12435
12354
21345
12435
21435
12345
21435
14235
13245
21453
12354
12354
31425
12435
12435
:
21345
12345
21345
12345
13254
12345
12345
21345
23145
12435
32145
13245
12354
42135
12345
12345
12345
21345
32145
12354
24135
13245
21543
21345
12345
:
23154
12345
12435
12354
24315
12435
13245
12345
12435
12345
12345
13245
32154
12534
21543
45231
12345
12345
12345
12534
12345
13245
12435
12345
52134
:
