   1  8  5  5  5  5  4  4  4  4  0.377  0.254  5  4
   2  6  2  2  3  3  3  4  5  3  0.137  0.322  3  3
   3  7  1  1  1  2  4  4  5  4  0.225  0.223  4  5
   4  9  3  3  3  3  3  2  3  3  0.083  0.299  3  2
   5  6  4  4  4  4  1  1  1  1  0.141  0.040  4  1
   6 21  2  2  2  2  5  5  5  5  0.044  0.274  2  5
   7 25  4  4  4  4  2  2  2  2  0.103  0.119  4  2
   8 23  4  2  4  4  1  1  1  1  0.137  0.011  3  1
   9  8  3  3  4  4  1  3  2  1  0.126  0.157  4  3
  10 15  2  2  1  2  4  5  5  5  0.069  0.531  3  5
  11 23  2  3  2  2  4  4  4  4  0.143  0.219  4  4
  12 19  4  3  3  4  1  2  1  1  0.210  0.017  3  1
  13  1  3  2  2  3  5  5  5  5  0.029  0.483  3  5
  14  4  3  3  3  3  5  5  5  4  0.076  0.362  3  4
  15  4  4  4  4  2  2  2  2  2  0.057  0.191  2  2
  16 14  4  4  5  4  1  1  1  2  0.218  0.029  4  1
  17 17  1  1  1  1  3  3  3  3  0.098  0.180  1  3
  18 16  5  5  5  5  1  1  1  2  0.276  0.021  5  1
  19  5  4  4  4  4  3  2  2  2  0.096  0.221  3  2
  20  6  1  1  1  1  5  5  3  5  0.039  0.448  1  5
  21 22  2  5  5  5  2  2  1  2  0.141  0.155  3  2
  22 24  2  2  2  2  4  4  4  3  0.090  0.072  2  3
  23 10  3  4  4  2  4  4  5  4  0.095  0.278  2  4
  24  3  2  2  1  1  4  4  4  4  0.107  0.258  3  3
  25 23  5  5  5  5  2  2  2  2  0.261  0.030  5  2
  26 11  3  3  3  3  2  2  2  2  0.204  0.186  3  2
  27 14  1  1  1  1  5  5  5  5  0.013  0.373  1  5
  28  1  1  1  1  1  4  1  3  4  0.003  0.141  1  1
  29  8  4  4  3  3  5  5  5  5  0.100  0.343  3  5
  30 11  4  4  5  4  1  1  1  1  0.269  0.073  5  1
  31  4  2  2  2  4  1  1  1  1  0.087  0.016  4  1
  32 23  1  1  1  1  5  5  5  5  0.004  0.345  1  5
  33  1  2  3  3  2  3  3  2  3  0.027  0.187  2  3
  34 25  2  2  2  2  1  1  1  1  0.057  0.074  2  1
  35  3  3  5  3  2  2  3  2  2  0.244  0.150  5  2
  36  2  1  1  1  1  4  4  4  4  0.012  0.247  1  4
  37 21  1  1  1  1  4  4  3  3  0.032  0.236  1  4
  38  8  2  2  2  2  2  1  1  2  0.096  0.121  2  1
  39 21  4  4  4  4  2  2  1  2  0.143  0.054  4  2
  40 13  2  2  2  2  2  3  1  2  0.062  0.108  2  2
  41 17  4  4  4  4  4  5  4  4  0.264  0.188  4  4
  42 24  1  1  1  1  5  5  5  5  0.028  0.161  1  5
  43 10  1  1  1  1  2  1  2  2  0.070  0.066  1  1
  44 12  1  1  1  1  2  3  2  3  0.042  0.181  1  2
  45  2  4  4  3  4  2  2  2  3  0.378  0.110  4  2
  46  9  4  4  4  4  2  3  1  2  0.105  0.333  4  3
  47 17  2  2  2  2  5  4  5  5  0.104  0.315  2  5
  48 25  1  1  1  1  5  5  5  5  0.007  0.422  1  5
  49 12  2  2  2  2  4  4  4  4  0.118  0.391  2  4
  50 18  5  4  3  4  4  4  4  4  0.155  0.313  3  4
  51 22  4  4  3  4  3  4  3  4  0.154  0.205  4  4
  52  4  5  5  5  5  4  4  4  5  0.260  0.419  5  5
  53  1  4  4  4  4  2  4  4  2  0.264  0.204  4  4
  54 13  5  5  5  5  1  1  2  1  0.360  0.075  5  1
  55 20  1  1  1  1  3  3  3  3  0.040  0.083  1  3
  56 18  3  5  4  3  5  5  5  5  0.193  0.501  4  5
  57  9  1  1  1  1  5  5  5  5  0.007  0.627  1  5
  58  9  2  2  2  2  1  1  2  1  0.043  0.220  2  1
  59 16  4  4  4  4  3  2  2  1  0.241  0.054  4  2
  60 10  5  5  5  5  1  2  1  1  0.565  0.083  5  2
  61 24  5  4  4  4  2  3  1  2  0.271  0.040  4  2
  62 17  5  5  5  5  1  1  1  1  0.622  0.055  5  1
  63  5  2  2  2  2  4  5  5  3  0.089  0.445  1  4
  64 12  3  3  3  3  5  5  5  5  0.219  0.541  3  5
  65 11  2  2  2  2  4  5  5  4  0.096  0.576  2  4
  66 20  2  3  5  2  2  2  2  2  0.126  0.081  3  2
  67 21  3  3  3  3  3  3  4  4  0.100  0.177  3  3
  68 18  1  1  1  1  3  3  3  3  0.063  0.214  2  2
  69  9  5  5  5  5  4  4  4  4  0.153  0.393  5  4
  70 13  1  1  1  1  5  5  5  5  0.004  0.279  1  4
  71 15  1  1  2  1  5  4  4  4  0.012  0.379  1  4
  72 21  5  5  5  5  1  1  2  1  0.273  0.050  5  1
  73 15  4  4  4  4  3  3  3  3  0.123  0.301  4  3
  74  6  5  5  5  5  4  3  4  4  0.216  0.336  5  4
  75 19  2  2  2  2  5  5  5  5  0.229  0.293  5  5
  76 23  3  4  3  3  3  3  3  3  0.130  0.165  2  3
  77  2  3  3  4  3  3  3  3  2  0.350  0.130  3  3
  78 22  5  3  4  1  5  5  5  5  0.100  0.285  1  5
  79 25  3  3  3  3  4  3  3  3  0.091  0.255  3  4
  80 20  3  2  4  3  5  5  5  5  0.117  0.600  2  5
  81  8  1  1  1  1  3  2  3  3  0.026  0.149  1  2
  82 22  1  1  1  2  4  3  4  3  0.108  0.163  2  3
  83 18  4  3  5  5  2  2  1  2  0.204  0.090  5  1
  84  3  5  4  5  5  1  1  1  1  0.194  0.270  4  4
  85 16  2  2  2  1  5  5  5  5  0.102  0.402  3  5
  86  2  2  2  2  2  5  5  5  5  0.028  0.397  2  5
  87  5  1  1  1  1  2  3  4  4  0.095  0.475  2  5
  88 17  3  3  3  3  2  2  2  2  0.226  0.105  3  2
  89  1  5  5  5  5  1  2  1  1  0.347  0.153  5  2
  90 10  4  3  3  4  5  5  4  5  0.191  0.406  4  5
  91  3  4  3  2  3  3  2  3  3  0.104  0.146  2  1
  92 14  5  5  4  5  2  2  2  1  0.289  0.035  5  2
  93 15  3  3  3  3  1  1  1  1  0.046  0.029  2  1
  94 19  1  1  1  1  4  4  4  4  0.046  0.187  1  4
  95 20  4  4  3  4  4  4  4  4  0.285  0.206  5  4
  96 14  2  2  2  2  3  3  3  3  0.133  0.072  2  3
  97 22  3  2  2  3  1  1  2  1  0.158  0.093  5  1
  98 13  3  3  3  3  3  2  3  3  0.130  0.232  3  3
  99 16  3  3  3  2  4  4  4  4  0.094  0.383  2  4
 100  3  1  1  4  4  5  5  5  5  0.052  0.377  1  5
 101 24  4  5  5  5  3  2  3  4  0.250  0.039  3  1
 102 15  5  5  5  5  2  2  2  2  0.296  0.196  5  2
 103  4  1  1  1  1  3  3  3  3  0.032  0.312  1  3
 104 12  4  4  4  4  3  2  3  2  0.236  0.213  4  3
 105 25  5  5  5  5  3  4  4  4  0.229  0.186  5  3
 106 14  3  3  3  3  4  4  4  4  0.155  0.136  3  4
 107  2  5  5  5  5  1  1  1  1  0.527  0.022  5  1
 108 12  5  5  5  5  1  1  1  1  0.373  0.043  5  1
 109 16  1  1  1  3  2  3  3  3  0.051  0.055  1  3
 110 13  4  4  4  4  4  4  4  4  0.230  0.357  4  5
 111 11  1  1  1  1  5  4  4  5  0.034  0.596  1  5
 112 11  5  5  4  5  3  3  3  3  0.223  0.277  4  3
 113  7  4  3  3  3  3  3  3  3  0.119  0.076  1  1
 114 19  5  5  5  5  3  3  3  3  0.194  0.047  2  3
 115  7  5  5  5  5  1  1  1  1  0.252  0.113  5  2
 116 20  5  5  2  5  1  1  1  1  0.150  0.028  4  1
 117 18  2  2  2  2  1  1  2  1  0.059  0.217  1  3
 118  5  5  5  5  5  1  1  1  1  0.143  0.045  5  1
 119  6  3  3  2  2  2  2  2  2  0.069  0.078  2  2
 120 19  3  4  4  3  2  1  2  2  0.224  0.024  4  2
 121 10  2  2  2  3  3  3  3  3  0.128  0.153  3  3
 122  7  2  2  2  1  5  5  4  5  0.119  0.176  2  4
 123  7  3  4  4  4  2  2  2  2  0.212  0.145  3  3
 124 24  3  3  3  3  1  1  2  1  0.292  0.076  5  4
 125  5  3  3  3  3  5  4  3  5  0.115  0.401  4  3
:
   1  2  5  4  4  4  3  3  3  3  0.377  0.254  5  3
   2 20  2  1  2  1  4  4  5  4  0.137  0.322  2  5
   3  4  4  3  3  4  4  5  2  4  0.225  0.223  4  5
   4 22  2  3  3  2  4  5  5  4  0.083  0.299  2  5
   5 25  4  4  4  4  2  2  1  2  0.141  0.040  4  2
   6 20  1  2  1  2  5  5  4  5  0.044  0.274  1  4
   7  3  2  2  1  2  3  3  3  3  0.103  0.119  2  3
   8  7  4  5  4  5  1  1  1  1  0.137  0.011  4  1
   9 18  3  3  3  3  2  2  1  1  0.126  0.157  4  1
  10  1  1  1  1  1  5  5  5  5  0.069  0.531  1  5
  11  4  3  4  4  3  5  4  4  3  0.143  0.219  3  4
  12  6  5  5  5  5  1  1  1  1  0.210  0.017  2  1
  13 25  1  1  1  1  5  5  5  5  0.029  0.483  1  5
  14 23  2  2  2  3  5  5  4  4  0.076  0.362  2  4
  15 12  1  1  1  1  4  4  4  4  0.057  0.191  1  2
  16  6  4  2  3  3  3  3  3  3  0.218  0.029  3  2
  17  1  2  2  2  2  1  1  1  1  0.098  0.180  3  1
  18  8  4  4  4  4  1  1  3  1  0.276  0.021  4  1
  19 11  2  2  2  2  4  4  4  4  0.096  0.221  2  4
  20 10  1  1  1  1  4  4  4  4  0.039  0.448  1  4
  21  5  4  4  4  4  3  3  2  2  0.141  0.155  4  3
  22 24  2  2  2  4  1  2  2  2  0.090  0.072  2  2
  23 25  3  3  3  3  4  4  4  4  0.095  0.278  3  4
  24  1  4  3  3  3  2  2  2  2  0.107  0.258  4  2
  25 25  5  5  5  5  1  1  2  1  0.261  0.030  5  1
  26 11  3  3  4  3  3  3  3  3  0.204  0.186  3  3
  27 15  1  1  1  1  4  4  4  4  0.013  0.373  1  4
  28 19  1  1  1  1  2  3  1  2  0.003  0.141  1  3
  29  9  3  3  2  3  5  5  3  4  0.100  0.343  2  5
  30 16  4  5  5  5  1  2  1  3  0.269  0.073  5  1
  31 14  2  3  3  2  1  1  2  2  0.087  0.016  3  1
  32 13  1  1  1  1  5  5  4  4  0.004  0.345  1  4
  33  9  1  1  1  1  3  3  5  2  0.027  0.187  1  3
  34  5  2  2  2  2  1  1  1  1  0.057  0.074  1  1
  35  8  3  3  3  3  3  3  4  3  0.244  0.150  3  3
  36 22  1  1  1  1  3  2  4  5  0.012  0.247  1  4
  37 18  2  2  1  2  4  3  3  3  0.032  0.236  1  5
  38  4  2  2  2  1  2  2  3  2  0.096  0.121  2  2
  39 12  4  4  4  4  1  2  2  2  0.143  0.054  4  1
  40 25  2  2  2  2  3  3  3  3  0.062  0.108  2  3
  41 18  5  5  5  5  3  4  4  5  0.264  0.188  5  3
  42 24  1  1  1  1  4  4  4  4  0.028  0.161  1  4
  43  2  2  2  2  2  2  2  1  2  0.070  0.066  2  1
  44  7  1  1  1  1  3  3  3  3  0.042  0.181  1  3
  45 22  5  5  5  5  1  1  1  1  0.378  0.110  5  1
  46 21  2  3  2  2  4  3  2  3  0.105  0.333  2  2
  47  9  2  2  4  2  4  4  2  5  0.104  0.315  3  4
  48 23  1  1  1  1  4  4  5  5  0.007  0.422  1  5
  49 21  3  2  3  3  3  5  5  5  0.118  0.391  3  4
  50 17  3  3  3  3  4  3  3  3  0.155  0.313  3  3
  51 13  4  4  4  4  3  3  3  3  0.154  0.205  4  3
  52  3  3  4  4  3  4  5  5  5  0.260  0.419  3  5
  53 20  3  3  3  3  3  3  3  3  0.264  0.204  4  3
  54  2  4  5  5  5  1  1  2  1  0.360  0.075  4  2
  55  4  1  1  1  2  1  1  1  1  0.040  0.083  1  1
  56 10  2  3  4  3  5  5  5  5  0.193  0.501  4  5
  57  8  1  1  1  1  5  5  1  5  0.007  0.627  1  5
  58 18  1  1  2  1  1  1  2  2  0.043  0.220  2  4
  59 11  4  4  3  4  2  2  2  2  0.241  0.054  5  2
  60  8  5  5  5  5  2  2  2  2  0.565  0.083  5  2
  61  3  4  5  5  4  1  1  1  1  0.271  0.040  4  2
  62 17  5  5  5  5  1  1  1  1  0.622  0.055  5  1
  63  2  3  3  3  3  5  5  5  5  0.089  0.445  3  5
  64  7  5  4  5  4  5  5  5  5  0.219  0.541  5  5
  65 12  2  2  2  2  5  5  5  5  0.096  0.576  2  5
  66  7  3  3  3  3  2  2  2  2  0.126  0.081  3  2
  67 22  3  2  2  3  5  4  3  3  0.100  0.177  3  2
  68  5  1  1  1  1  5  5  4  4  0.063  0.214  2  5
  69  1  5  5  5  5  4  3  4  4  0.153  0.393  5  3
  70  2  1  1  1  1  4  4  4  4  0.004  0.279  1  4
  71 11  1  1  1  1  5  5  5  5  0.012  0.379  1  5
  72 20  5  5  5  5  2  2  2  2  0.273  0.050  5  2
  73 24  3  3  3  3  5  5  5  5  0.123  0.301  3  5
  74 17  4  4  4  4  3  4  4  4  0.216  0.336  4  4
  75  6  2  3  2  2  4  4  4  4  0.229  0.293  4  5
  76  9  4  4  3  4  2  2  4  3  0.130  0.165  4  2
  77 19  5  5  5  5  1  1  3  1  0.350  0.130  5  2
  78  6  1  1  1  1  5  5  2  5  0.100  0.285  1  4
  79  7  2  2  2  2  4  4  4  4  0.091  0.255  2  4
  80 17  2  2  2  2  5  5  5  5  0.117  0.600  2  5
  81 17  1  1  1  1  2  2  2  2  0.026  0.149  1  2
  82 23  3  3  3  2  3  3  3  3  0.108  0.163  3  3
  83 19  3  3  3  3  3  2  2  3  0.204  0.090  3  1
  84 12  5  5  5  5  2  1  1  1  0.194  0.270  5  4
  85  3  1  1  2  1  5  4  4  4  0.102  0.402  1  4
  86 21  1  1  1  1  5  4  4  4  0.028  0.397  1  5
  87  1  3  4  4  4  3  4  3  3  0.095  0.475  2  4
  88 23  4  4  4  4  2  2  2  2  0.226  0.105  4  2
  89 10  5  5  5  5  3  2  3  2  0.347  0.153  5  3
  90 13  5  5  5  5  4  4  5  5  0.191  0.406  5  5
  91  5  3  3  5  3  2  2  3  3  0.104  0.146  3  2
  92  3  5  3  3  5  2  2  2  2  0.289  0.035  5  1
  93 13  2  2  2  3  1  1  1  1  0.046  0.029  2  1
  94 16  1  1  1  1  3  3  2  2  0.046  0.187  1  5
  95  5  5  5  3  5  4  4  5  5  0.285  0.206  5  4
  96 15  5  5  5  5  1  1  1  1  0.133  0.072  5  1
  97 16  3  2  2  3  2  1  4  1  0.158  0.093  3  2
  98 12  3  3  3  3  3  3  3  3  0.130  0.232  3  3
  99  8  2  2  2  2  4  4  5  4  0.094  0.383  2  4
 100 14  1  1  1  1  5  5  5  5  0.052  0.377  2  5
 101  6  3  4  4  4  2  2  5  2  0.250  0.039  5  3
 102 22  4  4  4  4  2  3  2  2  0.296  0.196  4  3
 103 15  3  3  3  3  3  3  3  3  0.032  0.312  2  3
 104  4  5  5  5  5  3  3  5  5  0.236  0.213  5  3
 105 16  5  4  4  4  5  5  5  5  0.229  0.186  4  4
 106  9  5  5  5  5  1  1  1  1  0.155  0.136  5  1
 107 14  5  5  5  5  3  2  1  1  0.527  0.022  5  2
 108 14  4  4  4  4  2  3  3  3  0.373  0.043  4  3
 109 14  3  2  2  3  4  4  4  4  0.051  0.055  1  4
 110 21  4  4  4  4  2  2  3  2  0.230  0.357  4  3
 111 15  2  2  2  2  5  5  5  5  0.034  0.596  3  5
 112 19  4  4  4  4  5  4  4  4  0.223  0.277  4  4
 113 10  4  2  2  2  2  3  2  3  0.119  0.076  2  2
 114 24  5  5  5  2  2  1  1  1  0.194  0.047  4  1
 115 21  5  5  5  5  1  1  1  1  0.252  0.113  5  1
 116 20  4  4  4  4  1  1  1  1  0.150  0.028  3  1
 117 15  4  4  4  4  2  2  2  2  0.059  0.217  4  2
 118 10  3  4  3  4  1  1  1  1  0.143  0.045  3  1
 119 13  3  3  3  2  2  2  2  2  0.069  0.078  3  2
 120 11  5  5  5  5  1  1  1  1  0.224  0.024  4  1
 121 16  2  3  3  2  4  4  3  4  0.128  0.153  2  3
 122 18  4  4  4  4  5  5  5  4  0.119  0.176  3  2
 123 24  4  4  4  5  3  3  3  3  0.212  0.145  5  3
 124 23  5  5  5  5  1  1  1  1  0.292  0.076  5  1
 125 19  2  2  2  2  4  5  5  5  0.115  0.401  2  5
:
   1  8  2  2  1  3  3  3  3  3  0.192  0.227  2  3
   2  6  5  5  5  5  4  4  4  4  0.696  0.401  5  4
   3  7  1  1  2  1  4  4  4  4  0.156  0.305  1  4
   4  9  4  4  5  5  4  4  3  4  0.328  0.172  5  4
   5  6  4  4  4  4  2  2  2  2  0.457  0.123  4  2
   6 21  2  2  2  3  1  3  2  4  0.364  0.096  4  2
   7 25  4  3  3  1  5  5  5  5  0.201  0.490  5  5
   8 23  2  1  2  2  5  5  5  5  0.056  0.353  1  3
   9  8  5  5  3  5  1  1  1  2  0.217  0.089  3  1
  10 15  1  1  1  1  4  4  1  3  0.050  0.246  1  3
  11 23  3  3  3  3  3  3  3  3  0.184  0.385  4  5
  12 19  1  1  1  1  1  2  2  2  0.044  0.049  1  2
  13  1  2  2  2  2  2  2  2  1  0.129  0.077  4  2
  14  4  4  4  4  4  3  3  3  3  0.270  0.084  4  3
  15  4  5  5  5  5  1  1  1  1  0.505  0.020  5  1
  16 14  4  5  4  4  2  1  1  2  0.419  0.046  4  2
  17 17  4  2  2  4  2  1  1  1  0.051  0.012  2  1
  18 16  2  2  1  2  4  3  3  4  0.138  0.163  2  4
  19  5  3  3  3  3  3  2  1  3  0.337  0.034  3  2
  20  6  2  2  1  1  1  1  1  1  0.287  0.030  2  1
  21 22  5  5  5  5  1  1  1  1  0.218  0.009  5  1
  22 24  2  1  2  2  5  5  5  5  0.199  0.729  2  5
  23 10  3  4  5  2  4  5  5  3  0.544  0.216  3  4
  24  3  3  3  3  3  5  4  4  4  0.183  0.280  3  4
  25 23  1  2  1  1  4  4  4  4  0.111  0.372  2  4
  26 11  3  3  3  3  4  4  4  4  0.227  0.284  3  4
  27 14  5  4  5  5  1  3  2  1  0.518  0.055  5  3
  28  1  5  5  5  5  4  4  3  4  0.360  0.172  5  4
  29  8  1  1  2  1  5  5  5  5  0.171  0.694  1  5
  30 11  5  4  4  4  1  1  2  3  0.512  0.030  5  1
  31  4  2  2  2  2  4  4  4  4  0.074  0.122  2  4
  32 23  4  4  5  4  1  1  1  2  0.132  0.104  3  1
  33  1  1  1  1  1  1  1  1  2  0.036  0.076  1  1
  34 25  3  4  4  4  3  2  3  3  0.170  0.198  4  3
  35  3  5  5  5  5  2  2  2  1  0.564  0.089  5  2
  36  2  4  4  4  4  1  1  1  1  0.363  0.049  5  1
  37 21  5  5  5  5  2  1  3  1  0.333  0.121  3  3
  38  8  4  4  5  4  2  2  2  1  0.217  0.194  4  2
  39 21  4  3  3  2  5  5  5  5  0.134  0.331  2  5
  40 13  5  5  4  5  3  2  3  3  0.451  0.082  5  3
  41 17  2  3  5  2  5  5  5  5  0.111  0.241  5  5
  42 24  5  4  4  5  1  1  1  2  0.386  0.021  5  1
  43 10  2  2  4  4  2  2  2  2  0.395  0.032  2  2
  44 12  4  4  4  4  4  4  2  3  0.108  0.118  4  2
  45  2  2  2  2  2  2  2  2  2  0.137  0.088  2  2
  46  9  5  5  4  4  1  1  2  1  0.285  0.132  4  3
  47 17  3  4  3  3  1  2  2  2  0.105  0.032  4  2
  48 25  2  2  2  3  2  3  2  2  0.121  0.164  2  2
  49 12  5  5  5  5  3  3  4  2  0.237  0.163  5  3
  50 18  1  1  1  1  4  4  4  4  0.071  0.239  2  4
  51 22  2  1  1  2  3  3  3  3  0.009  0.042  1  2
  52  4  1  1  1  1  2  2  2  2  0.005  0.059  1  2
  53  1  3  3  3  4  3  3  4  3  0.090  0.092  3  3
  54 13  3  3  3  3  1  1  1  1  0.269  0.030  3  1
  55 20  4  4  3  4  1  1  1  1  0.464  0.032  4  1
  56 18  3  3  3  3  5  5  5  5  0.130  0.349  3  5
  57  9  3  3  3  3  3  3  4  3  0.074  0.106  3  2
  58  9  2  2  2  2  5  5  5  5  0.037  0.338  2  5
  59 16  3  3  3  3  2  2  2  2  0.133  0.072  1  2
  60 10  4  3  3  3  1  1  1  1  0.550  0.022  4  1
  61 24  4  5  5  4  3  3  3  3  0.277  0.107  4  3
  62 17  5  5  4  5  4  4  4  4  0.086  0.183  3  4
  63  5  4  4  4  4  5  4  5  5  0.404  0.065  4  4
  64 12  3  2  2  3  5  5  5  5  0.042  0.333  2  5
  65 11  1  1  1  1  2  2  1  1  0.089  0.045  1  3
  66 20  2  2  2  2  5  5  5  4  0.102  0.340  2  5
  67 21  1  1  1  1  3  2  1  2  0.100  0.070  1  1
  68 18  2  2  2  2  1  2  2  2  0.067  0.047  1  1
  69  9  1  1  1  1  2  2  1  2  0.013  0.097  1  1
  70 13  2  2  2  2  2  3  2  2  0.044  0.070  2  2
  71 15  3  3  3  4  1  2  2  1  0.140  0.176  3  1
  72 21  3  4  4  4  4  4  4  3  0.438  0.180  5  4
  73 15  2  2  2  2  5  5  5  5  0.086  0.402  2  5
  74  6  1  1  2  2  5  5  5  5  0.250  0.677  1  5
  75 19  2  2  3  2  3  4  4  4  0.120  0.107  2  4
  76 23  5  5  4  5  2  2  2  1  0.322  0.109  5  2
  77  2  3  3  3  3  3  5  5  5  0.241  0.439  3  5
  78 22  1  2  2  1  5  5  5  5  0.011  0.402  2  5
  79 25  5  5  5  5  1  1  1  1  0.122  0.060  3  1
  80 20  1  1  1  1  4  4  4  5  0.024  0.333  1  4
  81  8  3  3  4  2  4  4  4  4  0.290  0.240  5  4
  82 22  4  4  3  4  2  2  2  2  0.052  0.048  3  3
  83 18  4  4  4  4  2  1  3  3  0.140  0.059  4  3
  84  3  2  2  2  1  4  5  5  5  0.136  0.381  2  5
  85 16  4  4  4  4  5  5  5  5  0.181  0.179  4  5
  86  2  1  1  1  1  4  4  4  4  0.080  0.180  1  4
  87  5  5  5  5  5  2  5  4  4  0.487  0.100  5  5
  88 17  1  1  1  1  3  3  3  3  0.017  0.098  1  3
  89  1  4  4  4  3  5  5  5  5  0.083  0.181  2  5
  90 10  1  1  1  1  5  4  4  5  0.094  0.264  1  5
  91  3  4  4  4  4  3  3  3  3  0.426  0.095  4  3
  92 14  2  2  2  2  3  2  3  3  0.100  0.058  1  4
  93 15  4  4  5  3  2  1  3  2  0.186  0.188  4  2
  94 19  5  5  5  5  2  1  1  1  0.342  0.052  5  3
  95 20  3  3  4  3  2  2  2  2  0.277  0.086  3  2
  96 14  1  1  1  1  5  5  5  5  0.137  0.619  2  5
  97 22  3  3  4  3  4  4  4  4  0.085  0.226  4  4
  98 13  4  4  5  4  4  4  4  4  0.336  0.170  4  5
  99 16  1  1  2  1  3  4  4  3  0.180  0.097  3  3
 100  3  1  1  1  2  1  1  1  2  0.091  0.040  1  1
 101 24  1  2  1  1  4  4  4  4  0.152  0.466  1  4
 102 15  5  5  4  5  3  3  4  4  0.315  0.314  5  4
 103  4  3  3  3  3  5  5  5  5  0.185  0.334  3  5
 104 12  2  3  3  2  1  1  1  1  0.032  0.016  1  1
 105 25  1  1  1  2  4  4  4  4  0.111  0.217  1  4
 106 14  3  3  3  3  4  4  4  4  0.379  0.043  3  1
 107  2  5  5  5  5  5  3  3  3  0.298  0.146  4  3
 108 12  1  1  1  1  2  2  3  4  0.043  0.291  3  4
 109 16  5  5  5  5  1  1  1  1  0.211  0.015  5  1
 110 13  1  1  1  1  5  5  5  5  0.026  0.170  1  4
 111 11  2  2  2  2  5  5  5  5  0.186  0.423  2  5
 112 11  4  5  5  5  3  3  3  2  0.436  0.043  4  2
 113  7  5  5  5  5  3  3  3  3  0.343  0.180  5  3
 114 19  4  4  4  4  4  3  3  3  0.194  0.032  3  1
 115  7  4  4  4  4  1  1  1  1  0.167  0.119  2  1
 116 20  5  5  5  5  3  3  3  3  0.742  0.284  5  3
 117 18  5  5  5  5  3  3  1  1  0.417  0.051  5  2
 118  5  1  2  2  2  1  1  2  1  0.310  0.028  2  1
 119  6  3  3  3  3  3  3  3  3  0.320  0.239  3  3
 120 19  3  3  2  3  5  5  5  5  0.293  0.330  4  5
 121 10  5  5  2  5  3  3  3  4  0.715  0.123  5  3
 122  7  3  2  1  2  5  5  5  5  0.177  0.452  3  5
 123  7  2  3  3  3  2  2  2  2  0.181  0.133  4  2
 124 24  3  3  3  3  2  2  2  1  0.227  0.050  3  2
 125  5  2  1  1  1  4  3  3  2  0.166  0.044  1  3
:
   1 14  4  3  4  3  3  3  5  3  0.192  0.227  4  4
   2  2  5  5  5  5  5  5  5  5  0.696  0.401  5  5
   3  9  2  2  4  4  4  4  4  4  0.156  0.305  3  3
   4  6  5  5  5  5  3  4  4  3  0.328  0.172  5  4
   5  8  4  4  5  4  4  4  3  4  0.457  0.123  4  4
   6  4  3  4  4  3  3  3  3  3  0.364  0.096  4  3
   7 18  2  2  2  2  5  5  5  5  0.201  0.490  3  5
   8 11  2  2  2  2  5  5  5  5  0.056  0.353  2  5
   9 23  4  4  3  4  4  4  3  3  0.217  0.089  3  4
  10 15  1  1  2  1  5  3  1  5  0.050  0.246  2  3
  11 17  3  4  3  3  5  5  5  5  0.184  0.385  4  5
  12 11  1  1  1  1  1  2  1  1  0.044  0.049  1  1
  13 14  1  1  2  2  2  2  2  2  0.129  0.077  2  2
  14 24  2  2  3  4  2  3  3  3  0.270  0.084  3  3
  15  8  5  5  4  5  1  1  1  1  0.505  0.020  5  1
  16  7  4  4  4  4  1  1  1  3  0.419  0.046  4  2
  17  4  1  1  1  1  1  1  2  1  0.051  0.012  1  1
  18 23  1  1  1  1  5  5  5  5  0.138  0.163  2  5
  19 19  5  4  4  4  1  1  1  1  0.337  0.034  4  1
  20 16  3  3  3  3  1  1  1  4  0.287  0.030  3  1
  21 21  3  3  3  3  1  1  1  1  0.218  0.009  3  1
  22  3  3  3  3  3  5  5  5  5  0.199  0.729  4  5
  23 20  5  3  4  5  4  3  3  3  0.544  0.216  4  4
  24  6  3  3  3  4  5  5  5  5  0.183  0.280  4  5
  25 24  1  1  1  1  5  5  5  5  0.111  0.372  1  5
  26 20  1  1  1  1  5  5  4  4  0.227  0.284  2  5
  27 22  5  4  2  4  1  1  1  1  0.518  0.055  5  1
  28  1  5  5  5  5  3  1  1  3  0.360  0.172  5  2
  29 12  2  2  2  2  5  5  5  5  0.171  0.694  2  5
  30 17  5  5  5  5  1  1  1  1  0.512  0.030  5  1
  31  6  2  2  1  2  4  3  3  4  0.074  0.122  2  3
  32 22  2  2  4  2  2  2  2  2  0.132  0.104  2  3
  33  8  1  1  1  1  3  3  4  3  0.036  0.076  1  3
  34  1  4  4  3  4  1  2  2  1  0.170  0.198  2  3
  35 20  4  5  3  3  2  2  2  2  0.564  0.089  5  2
  36 16  4  4  4  4  2  2  4  1  0.363  0.049  4  5
  37  9  5  5  5  5  2  2  2  2  0.333  0.121  5  2
  38 18  3  3  3  3  2  3  3  3  0.217  0.194  4  3
  39  3  5  5  5  5  3  2  2  2  0.134  0.331  2  2
  40  5  4  4  4  5  3  2  3  3  0.451  0.082  5  3
  41  2  3  3  3  2  4  3  3  3  0.111  0.241  3  3
  42 14  5  5  5  5  1  1  1  1  0.386  0.021  5  1
  43  5  5  5  5  4  1  3  1  2  0.395  0.032  4  1
  44 17  4  3  4  4  4  4  4  4  0.108  0.118  3  4
  45 23  2  2  2  3  3  3  4  4  0.137  0.088  1  3
  46 25  3  3  5  3  3  5  5  4  0.285  0.132  4  5
  47 10  1  2  2  1  1  1  1  1  0.105  0.032  3  1
  48 22  1  1  1  1  4  4  4  4  0.121  0.164  1  4
  49  3  4  4  4  4  1  1  1  1  0.237  0.163  5  1
  50 21  1  1  1  1  4  4  4  4  0.071  0.239  1  4
  51 16  1  1  1  1  5  5  5  5  0.009  0.042  1  2
  52 25  1  1  1  1  1  1  1  1  0.005  0.059  1  3
  53 10  3  3  3  4  2  2  2  2  0.090  0.092  2  2
  54  4  4  3  3  4  2  2  1  2  0.269  0.030  3  2
  55 24  5  5  5  5  1  2  2  1  0.464  0.032  5  1
  56 15  4  4  4  4  3  5  5  4  0.130  0.349  3  4
  57  4  2  2  2  2  5  5  5  5  0.074  0.106  2  4
  58 18  1  1  1  1  4  4  4  4  0.037  0.338  1  4
  59  5  1  2  2  2  4  4  4  4  0.133  0.072  2  2
  60  7  5  5  5  5  2  2  3  1  0.550  0.022  5  1
  61 21  5  5  5  5  3  3  3  3  0.277  0.107  4  3
  62 14  2  2  1  1  5  5  3  5  0.086  0.183  1  3
  63 22  4  5  3  5  3  3  3  3  0.404  0.065  4  2
  64  1  1  1  1  1  4  4  4  5  0.042  0.333  1  4
  65  2  2  2  2  4  1  1  1  1  0.089  0.045  2  1
  66  9  3  3  2  3  3  3  3  3  0.102  0.340  2  4
  67  7  3  3  2  2  3  3  2  2  0.100  0.070  3  3
  68 13  3  3  3  2  1  2  2  2  0.067  0.047  1  2
  69 17  1  1  1  2  2  3  2  2  0.013  0.097  1  2
  70  6  1  1  2  1  2  2  2  2  0.044  0.070  1  2
  71  8  2  2  3  2  5  5  5  5  0.140  0.176  2  5
  72 19  4  5  5  5  2  2  2  2  0.438  0.180  5  2
  73 10  2  1  1  2  5  5  5  5  0.086  0.402  1  5
  74  1  3  2  4  3  5  5  5  4  0.250  0.677  4  5
  75  5  2  1  1  1  2  1  2  1  0.120  0.107  1  4
  76 13  5  5  5  5  3  1  1  1  0.322  0.109  5  3
  77 12  3  3  3  4  4  4  4  4  0.241  0.439  5  4
  78  3  1  1  1  1  4  4  3  4  0.011  0.402  1  3
  79 11  4  4  4  4  2  1  2  2  0.122  0.060  3  2
  80  2  1  1  1  1  3  4  4  4  0.024  0.333  1  4
  81 13  4  4  4  4  5  5  4  4  0.290  0.240  4  5
  82 16  2  2  2  2  4  4  2  3  0.052  0.048  2  4
  83 24  3  3  2  2  3  1  1  2  0.140  0.059  2  2
  84 15  3  3  3  3  4  4  4  3  0.136  0.381  4  5
  85 20  2  2  2  2  3  4  5  5  0.181  0.179  1  3
  86 12  1  1  1  1  2  2  2  3  0.080  0.180  1  2
  87 11  5  5  5  5  3  3  3  3  0.487  0.100  5  3
  88 17  2  2  2  1  3  2  3  3  0.017  0.098  2  3
  89  7  2  2  3  3  5  5  5  4  0.083  0.181  1  4
  90  7  1  1  1  1  4  4  4  5  0.094  0.264  2  5
  91 21  4  4  4  4  2  2  2  2  0.426  0.095  5  2
  92  6  4  4  4  3  1  1  1  1  0.100  0.058  3  1
  93 12  4  4  4  3  3  3  3  2  0.186  0.188  3  3
  94 23  5  5  5  5  2  2  2  2  0.342  0.052  5  2
  95 25  4  4  4  4  5  4  3  3  0.277  0.086  3  4
  96 19  2  2  3  2  5  5  5  5  0.137  0.619  3  5
  97 13  1  1  2  1  4  4  5  5  0.085  0.226  2  4
  98 15  5  5  5  5  2  1  2  1  0.336  0.170  5  2
  99  1  2  3  2  2  2  3  3  2  0.180  0.097  3  1
 100 13  2  2  1  3  2  3  3  3  0.091  0.040  3  1
 101  3  2  2  2  2  2  3  4  3  0.152  0.466  3  4
 102  5  3  3  3  3  5  5  5  5  0.315  0.314  3  5
 103 14  3  4  3  4  4  4  4  4  0.185  0.334  3  5
 104  9  1  1  1  1  1  1  1  1  0.032  0.016  1  1
 105 19  3  3  2  3  3  3  3  3  0.111  0.217  2  3
 106 25  5  5  3  5  4  2  2  5  0.379  0.043  5  1
 107 18  5  5  5  5  3  2  2  2  0.298  0.146  5  2
 108 19  1  1  1  1  4  4  4  4  0.043  0.291  1  4
 109 12  5  5  5  5  1  1  1  1  0.211  0.015  4  1
 110 15  2  2  1  2  1  2  3  2  0.026  0.170  1  1
 111 21  2  2  2  2  5  5  5  5  0.186  0.423  2  5
 112 16  5  5  5  5  3  3  3  2  0.436  0.043  5  3
 113 24  4  4  4  3  4  4  4  4  0.343  0.180  4  4
 114 18  4  4  4  4  1  1  1  1  0.194  0.032  2  1
 115 10  4  4  4  3  3  3  3  3  0.167  0.119  4  3
 116 10  5  5  5  5  4  4  4  4  0.742  0.284  5  4
 117 20  3  4  5  4  1  1  1  1  0.417  0.051  3  1
 118 23  3  3  4  2  1  1  1  1  0.310  0.028  4  1
 119 22  3  3  5  3  5  5  5  5  0.320  0.239  3  5
 120 11  3  3  3  3  4  4  4  4  0.293  0.330  4  4
 121  4  5  5  5  5  4  4  4  4  0.715  0.123  5  5
 122  9  4  4  3  2  5  5  5  5  0.177  0.452  4  5
 123  2  4  4  4  3  2  2  2  2  0.181  0.133  4  2
 124  8  3  3  2  3  2  2  2  2  0.227  0.050  3  2
 125 25  2  2  2  2  2  3  4  2  0.166  0.044  2  2
:
